1111 32 21 32 34 
1111 32 19 32 34 
1111 31 18 32 34
1111 30 19 32 34
1111 30 21 32 34
1111 30 20 32 34
1111 31 18 32 34
1111 32 19 32 34
1111 33 22 32 34
1111 43 19 32 34
1111 43 19 32 34
1111 45 15 32 34
1111 40 15 32 34
1111 35 13 32 34
1111 32 13 32 34
1111 32 16 32 34
1111 29 19 32 34
1111 36 20 32 34
1111 00 00 00 00 
1111 00 00 00 00 
1111 00 00 00 00 
1111 00 00 00 00 
1111 00 00 00 00 
1111 00 00 00 00 
1111 00 00 00 00 
1111 00 00 00 00 
1111 00 00 00 00 
1111 00 00 00 00 
1111 00 00 00 00 
1111 00 00 00 00 
1111 00 00 00 00 
1111 00 00 00 00 
1111 00 00 00 00 
1111 00 00 00 00 
1111 00 00 00 00 
1111 00 00 00 00 
1111 00 00 00 00 
1111 00 00 00 00 
1111 39 22 32 34 
1111 49 22 32 34 95 24 35 10 
1111 49 22 32 34 95 24 35 10 
1111 49 22 32 34 95 24 35 10 
1111 49 22 32 34 95 24 35 10 