


1111 32 21 32 34 21 22 23 24
1111 32 19 32 34 44 44 44 44 55 55 55 55
1111 31 18 32 34
1111 30 19 32 34
1111 30 21 32 34
1111 30 20 32 34
1111 31 18 32 34
1111 32 19 32 34
1111 33 22 32 34
1111 43 19 32 34
1111 43 19 32 34
1111 45 15 32 34
1111 40 15 32 34
1111 35 13 32 34
1111 32 13 32 34
1111 32 16 32 34
1111 29 19 32 34
1111 36 20 32 34
1111 00 00 00 00
1111 00 00 00 00
1111 30 20 32 34
1111 31 18 32 34
1111 32 19 32 34
1111 33 22 32 34
1111 43 19 32 34
1111 43 19 32 34
1111 45 15 32 34
1111 40 15 32 34
1111 35 13 32 34
1111 32 13 32 34
1111 32 16 32 34
1111 29 19 32 34
1111 36 20 32 34
1111 00 00 00 00
1111 00 00 00 00
1111 30 20 32 34
1111 31 18 32 34
1111 32 19 32 34
1111 33 22 32 34
1111 43 19 32 34
1111 43 19 32 34
1111 45 15 32 34
1111 40 15 32 34
1111 35 13 32 34
1111 32 13 32 34
1111 32 16 32 34
1111 29 19 32 34
1111 36 20 32 34
1111 00 00 00 00
1111 00 00 00 00
1111 30 20 32 34
1111 31 18 32 34
1111 32 19 32 34
1111 33 22 32 34
1111 43 19 32 34
1111 43 19 32 34
1111 45 15 32 34
1111 40 15 32 34
1111 35 13 32 34
1111 32 13 32 34
1111 32 16 32 34
1111 29 19 32 34
1111 36 20 32 34
1111 00 00 00 00
1111 00 00 00 00
1111 30 20 32 34
1111 31 18 32 34
1111 32 19 32 34
1111 33 22 32 34
1111 43 19 32 34
1111 43 19 32 34
1111 45 15 32 34
1111 40 15 32 34
1111 35 13 32 34
1111 32 13 32 34
1111 32 16 32 34
1111 29 19 32 34
1111 36 20 32 34
1111 00 00 00 00
1111 00 00 00 00
